x
-1 1
1 0.329999 5.243802
2 0.06945900000000001 0.722442
3 0.259 1.156998
4 -0.135056 0.196495
5 0.0006890000000000001 0.529162
6 0.013001 0.365697
7 0.26 1.173999
8 -0.158137 0.120131
9 0.000521 0.531232
10 0.014345 0.375008
11 0.27 1.117996
12 -0.201405 0.067403
13 0.001174 0.524676
14 0.010345 0.400618
15 0.27 1.121996
16 -0.205109 0.063165
17 0.001216 0.528446
18 0.010272 0.397713
19 0.380998 3.774909
20 0.137578 0.712735
21 0.269 1.033992
22 -0.234549 0.217555
23 0.008227999999999999 0.591692
24 0.041201 0.313678
25 0.263 1.026992
26 -0.160457 0.13825
27 0.007334 0.5873350000000001
28 0.031693 0.374022
29 0.275 0.996991
30 -0.18841 0.060095
31 0.015848 0.508911
32 0.023723 0.420016
33 0.277 0.994991
34 -0.213284 0.060386
35 0.014886 0.5030829999999999
36 0.02267 0.427343
