15.512954
24.090256
68.990860
74.397949
69.229218
53.578732
39.376675
43.422600
34.802952
46.684097
45.679489
12.692084
65.231071
29.392248
3.889062
22.461159
35.599670
11.714567
48.401722
70.949089
63.644936
75.200851
23.258787
76.286751
52.785637
8.613512
25.854248
65.857574
26.960367
75.781128
43.696255
54.174248
67.696777
71.619705
74.145645
73.091743
48.088947
77.325111
13.501078
20.523073
51.011387
62.475971
46.039742
41.284027
5.651470
10.109294
63.376793
21.457094
6.320752
30.075211
82.982735
24.826624
5.909674
80.121284
52.089828
11.035278
12.523344
30.570702
79.167435
20.566984
44.745110
11.339054
42.369320
18.563120
76.235329
66.044174
11.324710
48.724457
36.651333
30.248804
32.255680
42.538559
50.188908
10.234731
6.724372
10.088204
46.682362
7.557460
48.616158
79.847481
43.661388
35.737358
15.821826
12.564926
12.802733
67.090454
46.920151
40.338482
91.372459
58.559097
52.154629
25.723921
10.712713
74.958267
15.242823
42.497070
22.538786
40.049850
84.913788
33.810646
60.613384
56.326748
6.153192
43.997704
44.776382
65.451988
56.161240
11.469738
33.111797
5.325991
62.748814
68.531242
81.400620
71.450729
62.580036
58.753803
12.158282
49.973083
27.122913
31.170624
53.281982
53.175194
62.921169
50.186596
22.217464
85.018066
19.914751
8.059516
85.485626
27.913933
79.878418
57.388157
85.228149
85.995804
40.352299
6.916940
14.884889
29.918571
78.157021
36.783047
64.205635
71.784256
5.069478
62.735683
46.326149
9.471746
5.003953
68.368530
91.083130
75.761543
41.031769
12.300227
48.468204
26.665407
7.205307
5.544365
76.066734
7.692347
73.310074
12.116677
10.139264
67.963203
72.249092
70.839867
64.725853
31.277514
82.732895
55.520004
70.880318
52.924355
33.283199
87.826744
14.344775
59.740322
53.951336
-0.194607
4.326856
41.367302
47.802509
4.495169
47.285873
50.123245
79.959450
12.564946
35.415634
34.315395
63.690727
6.601377
33.494259
42.614723
75.292908
72.057503
64.626389
18.028580
50.401207
12.654106
59.873966
41.479053
38.188770
34.439400
72.814423
48.528156
32.754562
57.088577
28.944996
10.226304
33.240482
32.009865
-2.640015
10.554132
33.585537
45.829014
9.174184
67.837715
30.002609
3.214264
53.385979
21.662275
48.869213
-0.127713
16.917690
12.004961
36.604172
5.514116
51.396038
53.279682
72.324234
89.530045
67.778114
43.039555
28.507935
46.146809
64.182404
42.576244
36.284649
42.043201
78.975685
48.374699
58.589684
14.621951
3.921213
5.308644
19.871605
42.271400
81.202698
10.252516
14.726131
37.780617
67.402779
33.966354
3.219737
25.838179
53.616119
40.313194
36.936771
8.406882
24.492693
36.467793
13.720589
46.661552
91.858521
91.830727
90.069099
52.323929
76.556137
11.018019
89.842278
11.715638
72.355354
8.623103
9.808300
94.529755
14.731574
6.837113
8.547931
100.240913
26.185667
100.917091
92.905121
63.468636
27.261974
8.066866
55.044430
97.508774
59.649189
13.703159
91.343498
95.518486
90.434212
88.142349
28.821989
108.772575
58.335171
95.038597
75.990021
11.312093
83.553291
18.143108
19.465820
70.502441
90.007851
89.890625
25.222786
91.246643
78.167824
84.886101
92.525208
26.718212
89.234421
91.617477
83.033592
93.036530
34.606445
97.246773
91.590668
94.634567
16.644123
95.808044
63.307613
88.920486
28.550255
89.642235
88.220932
11.739932
70.024635
88.773666
97.428101
85.987167
14.430548
102.700821
20.934069
101.272865
92.652702
88.669258
93.813538
99.972000
32.713131
17.780630
15.783100
73.104805
90.884346
13.033490
93.199745
87.780823
29.046539
64.761940
44.781933
105.364166
18.148430
28.910343
67.626518
15.537141
63.027447
33.448246
23.038582
46.191360
21.927889
14.775416
93.913551
40.795948
51.406685
35.321770
13.494986
111.774696
61.681004
29.051609
109.627083
94.034813
49.834232
61.626141
47.727413
58.410458
74.635689
33.197025
27.514599
60.279655
102.723686
94.410088
38.087799
71.212181
28.617188
66.531647
71.760216
48.059940
100.238785
107.650330
20.295948
72.845619
26.989634
37.341496
104.408012
34.502918
75.245811
79.436134
73.835030
97.512093
95.343704
20.527485
36.475636
35.644585
97.699577
106.369858
11.037306
97.656982
78.470856
62.929707
41.035511
18.611095
70.949989
99.459106
47.448425
45.829079
61.615810
41.316959
63.459320
45.004330
69.027542
54.628059
15.271352
20.007483
94.204865
15.388647
55.067532
97.269470
21.610529
21.195284
71.540375
31.249874
13.666943
57.393055
105.101662
39.106140
57.538605
39.713467
67.194382
69.065353
73.545837
106.817589
23.508408
69.260056
65.706985
13.266840
12.137834
38.595688
11.166483
50.194324
22.884871
99.661530
93.868591
77.633446
33.633709
55.535576
58.660343
51.670242
43.298016
62.690956
97.924690
35.707954
57.985729
67.465340
28.797344
37.944107
65.078293
69.449722
76.090820
70.589760
63.306301
61.463718
15.998466
63.703342
15.147109
62.991299
64.697021
70.503281
89.073334
38.085102
13.772810
70.645027
67.639679
106.173355
102.015450
22.149317
52.698631
65.206261
64.806137
23.365932
61.988533
63.451832
98.270706
42.127766
37.462719
43.264561
19.510098
72.829422
54.795849
28.459238
28.180914
23.835068
89.723747
83.269539
23.747801
30.514444
33.317364
43.371391
63.381935
88.253418
32.288795
53.173080
41.468372
39.157562
47.539841
19.819567
93.408653
60.859089
43.117523
32.455334
22.963593
29.707113
50.782890
52.168095
20.421701
37.069668
46.758614
29.946920
49.388733
55.798595
49.572582
35.163418
59.727978
64.240807
37.613453
41.362984
26.588238
21.680340
21.371737
48.377796
57.040993
35.511078
46.665012
21.907663
68.540581
59.567814
59.075939
50.300022
37.036636
53.613274
72.873947
43.224949
20.198885
26.810425
33.289589
18.638783
38.730110
41.545773
58.912491
22.838978
64.716293
79.759026
75.364975
20.381733
47.862370
60.106972
40.949532
42.418404
40.316162
40.772537
67.583977
38.207970
42.393658
46.510612
21.322050
64.735222
26.214191
56.267384
37.337749
38.073071
65.582756
30.699921
20.696424
48.863747
22.858511
45.654072
24.308645
17.156424
21.419439
52.899216
26.937979
59.437683
55.990997
26.079483
33.024574
41.622021
90.831444
69.295593
27.438143
73.063248
20.981211
43.648689
43.593002
25.460838
29.841331
45.109718
52.283257
57.781212
86.274445
84.555641
70.261124
40.384632
71.844536
74.667046
38.009056
61.346821
64.717110
68.016632
36.500023
53.305641
58.029160
29.318468
49.540619
55.584209
64.125252
24.912865
48.955647
47.963223
30.421694
17.750595
73.017914
64.559456
39.758968
56.674484
30.519428
33.842232
72.070389
22.310278
75.698341
72.389236
70.141861
21.236876
13.035300
61.918846
51.552414
83.148407
63.123962
5.932763
72.195534
46.157223
10.620057
19.717545
10.833355
65.824982
54.373329
81.017967
41.922176
22.000587
78.399765
62.589211
47.031506
54.393501
13.649609
67.114037
10.904307
15.804461
16.145172
7.247282
99.586510
52.327717
33.162148
10.492456
48.840839
54.765030
95.774094
30.780235
34.074253
16.429123
47.907799
58.419392
7.234500
20.695026
3.391634
84.353989
99.040909
57.117062
13.315534
14.480617
84.844055
102.670471
49.219868
11.099089
16.083408
49.804951
76.035568
95.957787
9.426468
14.523195
75.735466
73.802841
20.510662
10.139031
87.909721
59.220409
73.461845
69.505882
89.796120
8.049363
97.876289
22.841370
36.836807
11.021255
10.886886
97.930054
46.613976
45.771721
57.012112
6.827347
48.853210
41.631702
24.486864
19.021435
54.569908
90.827148
75.449722
59.172592
31.059872
45.105968
55.630836
81.443207
38.386448
46.661366
58.499516
96.010071
71.358322
20.898733
60.484039
64.716225
60.849735
37.963932
67.648010
9.516794
12.867990
64.702469
57.327339
55.594120
30.886194
9.347556
54.352982
70.077866
54.524170
33.721832
29.190697
101.108253
78.216461
60.848637
8.316406
86.772781
60.250015
68.145226
41.420849
15.137590
7.880272
72.894737
21.246271
21.111399
8.934551
9.347234
104.704926
101.319221
15.035607
17.103474
38.976727
65.495155
48.792583
27.265533
7.027264
9.283473
71.642250
53.052979
35.233143
56.341156
34.050220
