33.0437
46.3256
53.0374
63.5828
68.1896
72.0129
77.7058
57.612
58.9904
61.5618
66.3803
74.9515
79.4634
85.4914
61.5794
69.2083
72.7137
77.7746
79.9957
85.0451
90.143
68.0756
50.0341
47.523
49.1289
51.9847
51.4115
48.083
38.677
41.0038
43.4359
48.4005
50.9768
54.1789
58.5005
47.3479
51.3145
52.1656
54.1502
55.5316
58.2727
61.2199
46.2311
46.8728
49.907
52.647
53.9748
52.7593
57.7632
34.4309
45.6678
52.6216
62.2338
67.7552
73.4251
78.546
58.8623
62.4421
65.1627
68.2692
72.4238
81.6009
84.2456
55.312
60.6287
64.2734
70.4279
73.6314
82.5942
86.1049
57.9526
43.4783
37.4198
37.5586
53.0029
52.7823
36.3588
47.1514
49.5621
50.5889
55.378
55.724
57.5468
59.2952
54.7905
56.64
57.3878
59.973
60.7083
60.7438
63.0186
46.9559
48.8218
51.7367
50.5041
56.1664
52.5376
55.1467
38.1347
53.7411
62.7954
70.0338
72.9867
74.8995
77.1091
57.4179
57.2146
58.793
64.8465
73.2592
83.1629
89.2812
60.6402
66.8632
70.1196
75.5136
78.4381
82.2527
86.8816
66.2819
47.9154
44.0681
46.1134
57.4542
56.3141
45.2479
40.6439
43.2844
47.3332
47.8212
51.2415
55.2886
56.7647
50.1976
55.7344
57.5546
60.0091
61.6573
64.0112
68.0851
46.6715
47.4303
48.5011
49.792
50.496
48.6763
57.0772
39.8725
48.848
55.4911
64.7115
68.9285
72.5113
76.819
61.378
63.3917
63.3268
66.402
74.6819
86.414
92.62
58.3498
63.6416
66.7015
71.5065
74.4009
80.747
81.8032
66.9782
48.8709
43.5751
46.6245
51.0277
50.0625
42.4971
41.9927
48.3993
52.4694
58.0924
59.391
61.3358
59.7715
55.8426
56.822
57.663
58.7472
61.6017
62.7342
64.7468
52.1856
50.4855
53.8933
53.0521
56.7486
56.4844
56.6905
38.6039
57.7115
65.207
71.5081
75.6073
78.9018
81.9707
50.5723
53.7314
57.167
64.8182
74.6341
84.5055
87.1379
50.6707
56.6839
60.2247
65.6978
69.0853
74.9396
82.926
64.8155
49.7288
47.8796
47.8359
61.3457
60.8212
49.5263
38.6453
44.3005
43.9354
46.876
49.2217
54.682
53.4723
46.7517
51.3989
52.6881
55.1464
57.7795
59.9975
62.2277
49.1686
46.4103
48.2585
48.9462
49.9332
49.2372
53.3819
39.2776
48.8349
55.7941
65.3215
68.7163
74.618
78.3306
44.0907
48.7392
51.7909
59.8212
68.2113
76.6823
80.2608
44.8371
50.2098
53.9677
59.5828
62.8599
70.3996
76.2322
63.1865
45.3394
43.6637
45.4664
43.2679
43.6312
42.1566
37.491
40.7502
41.6549
46.8451
48.6448
51.4169
53.8636
47.3652
50.1812
51.6152
53.5497
54.467
55.712
56.6982
42.5789
45.0582
47.488
48.3954
49.4705
49.5284
51.7564
37.4529
55.5842
60.7761
65.3862
68.4665
73.2585
76.4688
53.6683
59.6504
63.1265
71.5251
79.4968
86.7988
89.5219
53.7491
61.7224
65.2889
70.9782
74.4935
81.7531
87.6786
56.5886
40.7871
41.7681
43.0551
48.8025
48.5829
41.1137
44.337
57.853
43.314
45.5376
45.6791
49.5464
47.8196
60.7453
62.7251
62.6035
62.8996
62.8271
62.7215
63.0476
41.6838
46.2161
44.0757
47.3179
52.1692
52.2576
48.7497
40.4062
53.7826
59.9066
67.1729
72.8532
76.9872
79.4896
56.2414
58.344
60.0358
65.0145
73.3541
83.6681
85.0401
45.6637
54.4315
59.1051
66.183
70.1353
78.0261
82.4729
70.3968
46.9441
42.4497
43.3152
62.6643
62.5979
51.5703
38.1247
42.3612
44.1252
49.058
50.8047
55.0628
55.4362
49.8142
53.2174
55.4966
58.1328
59.602
61.23
65.5021
46.2685
46.2342
48.0964
50.5448
52.332
51.5049
52.5088
45.5401
51.373
55.9421
62.8173
65.9487
70.5463
75.2001
49.0501
51.4437
53.9085
62.2082
72.2649
77.0403
81.8068
53.4017
58.2383
61.0322
65.5116
68.2395
73.7914
78.1086
67.3548
49.4504
38.0613
39.419
40.2263
38.475
36.396
44.0633
47.5703
49.4503
53.1302
53.0145
56.1494
59.6554
50.542
52.7089
54.0261
59.1788
60.1661
62.9429
65.3584
47.707
47.7211
51.8758
51.0711
53.7764
53.2566
56.2707
28.5354
43.334
50.0308
58.505
63.5287
70.4872
74.6613
39.1328
43.1901
46.1264
54.4336
65.5351
80.5676
84.4505
42.2784
47.1102
49.873
57.1838
67.0977
74.484
83.2476
51.3247
35.3854
34.6626
36.4225
41.6745
41.8021
33.0525
34.8199
38.2107
39.4003
43.053
44.5062
47.032
49.8681
41.9717
43.8588
45.5818
47.4113
52.2775
53.8167
56.2952
40.3759
43.0934
45.8649
47.9767
49.8033
48.941
51.0844
31.1518
39.4905
49.6139
57.2563
62.1861
66.6509
69.8544
47.8187
54.6044
57.9747
65.6317
73.2113
82.7035
81.1636
43.6148
47.4715
50.9157
58.9202
68.613
72.7229
82.2372
69.094
45.637
43.6385
44.2849
45.2832
43.6637
41.043
35.7763
39.2891
39.9787
43.6286
47.018
48.9388
50.8624
42.1698
44.175
46.6963
49.384
52.3425
56.1211
61.4569
39.3364
41.1944
43.527
44.7249
46.6019
46.6016
47.2694
47.9776
56.009
63.1912
70.9452
73.2523
77.2685
78.8811
55.6874
57.2048
59.9759
68.885
80.1544
78.6596
82.1282
53.9241
60.3919
64.8853
73.0918
79.2034
79.9668
83.985
65.5832
44.8621
39.3113
36.5826
44.5325
41.1946
36.2384
41.5762
45.1315
47.0269
51.7778
54.0798
57.375
59.8942
53.4371
56.2149
57.0444
60.3012
63.3038
64.0835
67.4082
48.7939
48.8759
52.2616
52.6892
55.3299
53.7977
56.9365
32.5784
46.4873
54.8136
63.4424
68.1893
71.9872
74.6897
53.7667
56.7123
58.8448
65.7682
72.9395
77.9175
86.7349
61.2962
68.4125
72.0905
77.2023
79.4172
81.6309
87.2397
63.0306
46.7192
39.3169
40.984
45.6694
44.1441
40.3292
37.0239
40.7771
43.3251
48.7734
49.9113
52.3364
52.7421
46.0007
49.0796
49.5811
52.4588
55.4042
58.6555
61.5451
44.0256
44.6782
48.6381
48.3811
51.8019
52.577
53.2868
38.1984
48.5769
54.8394
63.7521
66.4237
71.3585
76.282
54.4654
57.6655
59.9163
63.2827
70.1959
79.0939
84.281
57.7521
65.2173
68.7639
73.5257
74.6445
82.1106
85.2125
63.0281
45.8044
43.4108
46.1964
48.4935
49.9922
41.5404
37.8466
43.1331
45.0126
53.8793
52.5472
59.5356
60.0828
45.1017
46.7315
47.7313
50.0533
52.4906
58.5942
63.9789
43.5743
49.5133
49.8904
51.8192
56.6914
53.1004
58.1211
38.5879
52.6058
58.3769
67.864
72.4732
75.2901
79.3777
52.2517
57.7941
60.2538
66.2839
72.9979
81.4032
86.5743
52.5426
59.1942
63.1398
70.4935
75.1763
82.9063
87.0832
55.1188
44.3402
42.3341
44.3213
51.9542
51.5887
46.058
40.435
43.531
45.0574
49.3741
52.2912
54.2292
57.1102
51.1932
53.0056
53.8487
54.4888
59.0119
60.9749
64.3276
42.8952
47.2896
47.0755
49.1735
51.7327
50.3419
51.7225
43.0001
50.0833
53.5876
61.6806
66.0332
73.1065
82.3927
43.2637
47.8442
51.5341
59.5226
68.6708
77.2648
81.7526
48.1937
53.3001
57.1547
63.6399
69.5573
82.2072
79.6328
63.1368
38.3467
38.372
35.7857
42.6552
36.748
35.3929
42.3571
46.9831
47.5751
51.4958
54.3753
56.3712
60.6359
59.0212
62.687
63.298
65.8658
67.5471
68.3114
69.2268
40.8793
43.7995
45.7657
45.4837
56.4601
55.1607
54.0109
36.643
50.8047
58.9401
69.3639
75.0622
78.9608
82.9133
48.1837
50.7359
52.5963
57.4817
63.0612
72.9408
75.3526
44.0147
48.0193
50.8084
56.7882
65.8433
73.3685
79.9997
64.7532
48.2035
38.4112
39.5467
38.868
38.4839
37.4382
39.3274
41.9104
43.3977
47.651
48.8
52.308
53.6191
42.363
42.7793
43.8206
46.4764
48.6971
51.2988
54.5507
46.2069
45.693
47.4799
49.0987
50.2031
50.4639
52.3989
37.8446
42.6388
47.7795
55.6782
59.5816
64.5694
68.8519
43.4349
48.1617
50.8871
56.9863
67.1634
72.9285
73.6163
41.8885
46.3188
50.4293
59.3185
66.7231
67.4298
71.6071
65.3201
39.646
32.7947
29.2247
34.4449
35.012
28.9859
30.6309
35.0521
36.1651
42.0265
45.6752
50.5313
53.6292
45.4456
50.8818
53.92
55.997
58.7263
60.3632
61.7375
35.1826
36.6912
42.088
43.1582
48.0518
47.2034
49.0347
39.7777
46.6033
52.6232
61.6806
67.2371
72.0856
75.76
41.3914
44.3027
47.0494
55.9016
65.5658
76.8119
73.7884
44.1808
50.8263
55.4095
64.3338
71.9205
77.2907
83.0111
53.5316
39.9003
29.8346
34.0039
29.3327
28.2011
29.6256
37.858
38.1239
41.0658
43.4668
43.9556
48.1182
50.3693
44.1728
47.3589
47.4501
47.0593
48.1086
51.1609
52.8877
36.9828
38.517
43.209
43.7341
46.2809
45.675
48.0824
32.9094
40.4248
47.1237
57.3201
60.8634
67.4689
72.7479
44.1604
49.2871
53.328
63.2519
72.8123
80.8648
81.1195
49.0482
52.8284
55.8405
60.824
65.431
71.0724
74.2705
59.8883
43.8816
39.4071
39.5949
42.3537
40.4913
38.3053
39.9222
43.6938
43.981
46.5389
46.8959
49.0788
52.3263
44.9994
46.1008
46.8613
47.6027
47.4852
48.7805
51.5461
45.2466
45.6155
47.8973
48.051
49.191
48.2492
50.2874
