36.79292
46.42535
46.04196
64.93255
61.35893
65.34766
77.60573
50.91257
57.36233
56.90944
64.20155
75.05060
79.25974
87.42983
53.78917
57.75459
67.19475
78.52015
80.09565
85.53860
84.59121
69.51768
49.93362
32.51749
34.59867
51.45972
41.26807
33.10770
31.58756
42.15912
41.84297
43.37289
53.66917
53.99647
60.10810
41.88881
45.51428
59.71626
53.33950
60.57117
60.37335
69.39697
41.48297
42.61481
40.43689
50.16889
49.57184
60.39861
68.60892
31.88751
45.76768
44.65822
56.84541
67.65524
65.05269
78.44611
41.19851
56.27300
54.09096
65.59991
81.30822
86.20469
85.48990
55.41254
58.52047
60.77244
75.80788
69.12604
82.49422
86.20469
60.65397
51.94772
37.31954
39.69363
47.89014
58.92598
36.08251
34.28338
41.99837
45.93290
47.48276
55.82367
65.54433
62.42785
47.17267
48.08193
49.70872
63.16650
58.71000
62.96149
67.85092
35.42216
48.76983
44.67676
50.67394
57.09209
58.41570
67.12840
42.48483
49.25537
65.85572
68.08695
77.76432
78.98867
85.26249
59.41417
60.02443
58.43498
65.74743
67.84436
85.02976
89.15637
60.96826
71.17871
72.22075
77.30583
74.29404
78.71963
82.94697
73.26734
44.39292
43.01500
48.64429
56.53297
62.22103
45.34820
42.67582
39.28907
50.27915
49.37157
55.66500
68.42645
66.07271
50.09801
47.90264
61.04334
62.40040
63.95730
79.88835
71.27067
46.77143
48.08556
47.66239
56.38055
55.15079
55.34884
62.20887
35.45118
48.94841
53.66500
71.99576
74.37346
71.53110
70.44052
51.54000
49.42865
55.19596
60.63901
79.15732
79.69697
78.00483
56.53841
67.64471
65.53546
73.21911
74.64092
78.97798
77.57541
68.89022
48.97080
33.36819
39.14553
52.75575
55.11283
42.38760
47.53224
48.41344
54.76822
56.57616
59.49237
63.75384
63.56875
48.99024
48.57925
49.23593
52.12759
59.84029
61.09760
72.26145
42.01861
47.35923
46.52115
53.15152
53.07404
52.47289
54.47816
38.70407
55.11116
70.46124
71.60729
70.73781
78.67892
83.65355
53.70105
53.83129
54.78056
66.79675
80.45320
86.25472
87.73370
50.35944
57.79414
59.22616
65.59839
69.48152
82.62910
83.32458
81.20898
49.24265
49.32271
47.93622
75.63495
59.84706
49.62609
38.74605
44.37017
47.60540
52.32743
61.01814
61.50511
62.96186
53.25408
57.36606
60.49813
66.84039
67.64981
67.80866
72.37854
40.46857
42.54542
44.82672
46.61272
60.40863
61.95793
71.52767
36.15710
48.93578
57.94355
69.45136
72.73823
76.98729
78.43080
38.22486
50.21771
52.07681
56.99383
66.03653
73.66070
81.63168
46.10026
48.05975
48.28305
59.48322
71.78972
69.53243
81.43766
77.25884
48.61248
39.46942
46.66702
57.21128
42.70225
33.06250
32.27639
47.27755
41.21060
43.68175
44.81792
51.51722
60.04606
46.17928
47.60421
47.63416
56.05958
55.80376
55.81199
60.50279
35.98899
39.48336
43.99038
47.86389
53.80469
55.74193
60.85281
37.35300
37.76712
42.59079
60.19734
63.96720
69.74999
76.56890
45.13079
62.95250
64.82340
71.62488
75.86914
90.07076
87.06111
46.74803
64.23646
60.18169
71.07707
84.89121
84.59092
86.08984
70.19241
44.92857
40.06640
43.15436
48.70256
52.31765
41.04191
34.97268
39.40129
43.21382
47.97949
48.40018
51.18858
59.45691
48.33598
47.33893
48.41539
57.20426
57.32628
64.45591
64.00801
36.01266
37.23830
43.97597
44.49734
45.62148
50.32617
51.83780
34.93205
52.24166
63.49740
64.43695
67.84449
83.14659
78.17194
40.60980
56.08656
51.32766
67.76995
65.45926
83.50577
85.13999
45.56387
52.09105
67.00257
63.98089
77.16063
81.66233
79.64671
70.49745
54.32686
39.37028
36.85720
62.95775
62.69865
51.67062
36.96082
38.95634
45.51600
43.47409
58.29803
51.98620
52.90926
34.52049
49.14430
58.77569
51.05893
52.58066
60.00063
65.79659
35.55579
44.64113
44.93452
50.64458
48.40836
51.66031
57.55643
31.74577
52.68127
51.11473
50.95766
63.34945
72.54070
75.10013
44.88326
42.47877
53.95909
72.81251
73.98604
73.24719
76.40735
43.66412
45.05601
49.04408
70.38692
71.51451
74.11212
71.72533
65.67091
56.21147
24.25326
42.25403
50.85887
37.26701
35.06293
40.53990
43.86902
43.95741
47.29817
53.11487
56.25012
68.76573
33.63755
38.39247
44.53915
45.21632
55.25758
63.04255
71.61933
35.35649
37.29376
50.88480
53.57516
53.52158
53.48851
57.52958
26.28860
40.40353
47.81550
59.00770
59.61431
58.97157
74.76141
30.88853
32.93115
38.20660
60.05276
59.35388
75.64495
75.38780
40.10114
47.20954
56.94750
63.25519
58.70341
72.79625
79.89375
53.17424
31.81098
26.18034
30.80139
58.74274
41.70199
34.62402
30.55240
39.96389
42.50682
43.33097
42.60428
52.70648
49.74956
39.70851
37.95254
52.56305
52.34820
57.11402
67.80093
60.38956
29.05047
42.22120
46.23977
47.87720
47.59154
51.47130
63.24418
35.99437
54.95673
51.39565
57.35597
58.99630
65.96038
83.05597
47.91906
49.20217
54.79048
70.44886
70.77456
82.80315
81.26331
55.48219
51.31571
50.26781
58.81915
63.98413
71.19842
82.33666
76.53824
49.77996
39.96076
43.14548
45.38358
48.21840
37.49812
36.79439
36.49476
34.02762
40.77552
42.83860
59.90427
63.85867
33.94284
48.48548
47.75365
60.43529
61.03367
65.46313
64.30175
34.71142
35.86769
43.42684
44.82486
45.03952
56.51980
59.12751
48.07677
50.89002
61.55933
77.94797
77.51507
77.36874
81.53436
43.68992
57.10408
62.42214
76.43515
80.05411
78.76009
88.99795
53.89861
67.16298
62.76103
66.34954
81.60254
88.41585
83.88448
71.37472
56.40962
34.02291
36.68234
44.90711
44.17323
35.64855
40.84866
47.33449
52.11632
50.20258
59.69452
57.57019
70.20406
61.67709
64.56568
66.14926
67.39986
81.21268
69.56184
73.57728
38.23092
38.93127
48.97726
48.64906
49.89407
52.01228
57.03603
34.38056
49.19921
54.91361
65.85859
71.70720
70.48796
73.99238
45.15931
48.02511
48.77579
69.39207
75.64033
76.50253
88.34107
52.46040
54.29986
65.05294
69.84218
79.81072
88.18428
88.25214
69.41480
55.73594
32.38140
33.19082
54.40257
44.43564
40.22940
31.65621
38.20325
40.01893
40.14813
54.71056
53.73394
51.23875
37.63891
46.57923
53.76372
56.46091
56.83237
74.21092
61.44509
36.76091
37.53153
40.24664
39.67677
49.18721
60.82530
62.06577
38.29769
46.55600
60.03328
66.30905
74.86199
80.08860
86.28183
54.36587
64.00975
59.81689
68.71028
77.94556
84.78596
88.10917
57.65204
66.01874
71.60873
74.60638
74.74518
82.01086
88.19296
74.14720
51.48098
41.41032
46.09685
52.83081
49.89234
41.63996
43.96617
42.94560
41.34646
54.07216
59.93261
62.03265
73.41525
47.93291
49.60710
48.12784
55.44858
61.43402
62.41290
70.67960
38.69905
44.90028
48.83235
56.24896
57.75197
58.09086
59.00725
34.10077
52.70537
61.06466
61.75167
72.57377
76.15522
79.47775
48.77602
60.04975
60.18201
74.04899
72.20097
81.30172
79.03958
47.69691
57.33315
62.94005
70.91717
83.63884
83.93398
85.71411
63.67915
52.29500
36.32074
49.45231
52.05312
48.17249
56.10894
45.00731
44.69289
38.14781
46.65443
50.89116
63.72958
56.79970
44.02523
44.62769
52.55065
52.88941
63.91514
63.48694
70.56562
34.85870
45.39080
50.99723
50.37393
51.46003
52.70921
59.56405
43.10010
49.98366
52.25837
63.84615
65.90056
80.29562
84.90679
43.36346
56.39999
59.29717
62.20376
68.77055
77.16465
79.89835
47.11207
53.20087
62.35798
74.80071
69.45761
78.94609
85.89547
63.23721
38.44644
38.47234
35.16325
44.35783
43.63438
33.67428
42.40547
53.19045
50.46898
49.06892
56.55106
56.27151
66.46352
43.88230
56.04938
63.31336
63.55565
66.96492
69.46638
69.70741
34.77240
35.72500
43.60328
43.58161
56.56104
59.43205
60.12319
39.54777
52.96373
49.18491
69.46409
76.50847
78.86105
82.81332
37.65487
41.33071
41.46097
49.87914
63.16075
72.84085
76.56868
43.91411
52.34027
54.37823
54.55455
65.94393
66.52842
78.65075
69.36606
31.01991
37.01254
45.00313
55.84514
61.95649
37.81556
33.95690
41.54435
45.84853
44.67517
48.90053
57.97401
57.15537
31.48392
34.35742
41.84485
40.24319
47.19519
53.81066
61.88201
38.19669
40.79603
44.82037
47.29598
51.53756
56.21563
59.71520
40.04175
43.04530
44.23064
56.76467
59.48161
59.83635
68.71256
39.41547
42.05697
51.09983
57.08659
63.21791
72.82820
72.93661
41.78898
42.67247
42.94916
62.84866
67.10321
67.33072
71.50707
65.21942
39.54605
35.38213
29.32510
34.34532
33.17329
37.34954
49.07727
31.87811
36.26388
41.56526
47.05382
45.23924
48.87782
38.85210
44.38878
51.27926
47.66485
61.39288
61.34995
62.98429
31.17313
40.19390
41.20977
43.25816
44.23857
46.81735
50.59764
37.37057
39.13377
41.59320
54.96656
67.33676
72.72900
66.18258
41.29121
42.11897
44.25258
54.61637
72.92361
76.71123
72.77617
44.28131
52.95636
48.68390
64.86358
69.91819
77.39007
72.81944
67.85140
39.70838
29.75391
33.90426
45.87227
37.52901
26.32811
30.93372
36.76767
39.93663
50.34533
45.19220
55.15950
51.76347
42.24233
50.32817
50.23031
51.62401
56.30041
60.70906
62.84649
37.42269
42.71503
43.33635
43.63469
48.90711
58.81864
59.20302
34.92016
45.93940
60.32495
57.22040
54.66593
67.56924
82.65453
34.49382
39.07458
53.22775
67.21134
72.91174
84.16294
85.81611
47.03683
52.56901
55.09103
70.73580
74.82160
74.18992
83.36327
74.94338
49.40513
31.61767
40.02793
54.25110
40.39171
38.20568
38.77838
34.91598
38.49758
43.99463
42.56646
54.13072
52.88820
35.52610
38.21143
43.95431
47.75630
47.58519
46.01326
56.60723
37.98694
36.15830
40.05492
42.40761
42.54855
43.57702
64.48619
